$ANSIBLE_VAULT;1.1;AES256
32343031316336306432636233326338633365363634663865366264386432633866336234383533
6465306663353763376634386131303738356237643334390a616530373864623433653137393634
32613334613065633336663061313530336336333831653162613037383936353935653265393435
3665663934626361320a396661313466386239626432383333376331303437356632333636373663
65656237656466336236333761316262383963303035636264313766323464326334333564336561
32623765666132386339393366666436306166373633316435663762643939303032623061373635
33643265303839343738333135363238303766303362343030343862306666373836393638363531
31613838383764396232366536356563353535663433323835393361656535363630336531613063
37383137613861613334653538353463646638303438666532313766613836646364316536653238
37643931643262376339646461366639383531363461613235343663363366316366303662636362
65646163616434626639386562643430633439386135363539656263356235663765643366656630
32343939353262623761393564323033623663353863336639306335383530343266363437653039
34303739663234323762623064626232323434363730306338383463336263363836646663623463
36356662333465303265613538643064366431666331623437623761333061356432646337366138
35303865623535323638323538323630376636393235323065643630393665356366333931373135
64336538343135616632303731303437343237313232633835383736313963393136643830303132
36303534623130323439363833373265306265373864343662613531636334626237316464623764
37313934363638333031643937323764363931306564383633626234323732346439363837643138
66363038336232343262643533393361373264393665623039306337613537663333616362643263
63376432643135343862323665663839313836653866303432316465336636393635336564393865
35343061613038613165363736636263316430303436376461646361636666633039356463363437
39366662666332636163633431373930333666656561643233393866366234353561386135333666
30626133636139663034623734303938623164633739376561393930656238633538643864653864
30626135623365613931383464626333336639383466613561353065323461643231643631323435
61353966633362316661643732626135633662363064383363356138623734336565356433386237
31643130353063333434373239613235336232666665386334363463333262386161373565323433
62643561663535626535326165306465383534386632376136666430633239323730653036323334
34616630633739656361383531373866396262393531393732616634626139393533396632646562
62343638626162663132653762303230386536343565326237386332306236353565316631366639
34613339386565326333346238336339373838633930326134643432303835666238366561373639
66643936623232366534333931306361376530666264323030626566646330313933396337303438
30653365616336653738653962636130396636386166396364343737393035663566313630323061
35313162656235343737653833316662313933346439323234633435303330366665326339666437
38373830643530616464326264363237383263356131333337656632383363356132646561646438
38323633386163623837643566643934353037363166616164613431303230333538633464336665
62353961643130363237336437323734383539333964323632323262363633386362396430353463
33366662306230666235366533333535613365373136353931616433333463323730383539356434
32323730396630396635636661636361616639636263343635346639353933323833643866316661
63363861666361326235363839616431343330313638316433356363656465373763323232323061
66613530623165313130616566383564326562366366383839333963326462613933356331363334
66333235633836646165663137336131646239666136323266346433666438373131383033633961
62656334653835663139643239616132353231346334333561343864393238623636626131663634
34346435383338363665666463666631323565366137343337316334646662323133346135316135
32613065616465613736313764323530633637356566326334333633316136356332383163383731
37643734383733326532653462383862306230356135626666303333653565303861623831353836
30343665663533363365623832633864376439366136323132623739616132626336363537333032
62333063303664366135663733616238353038663039656330386531663736336337613130646236
36396161356336363433656138313630366236323638653532313334393862656232623161646438
34333364386334336636376334333738383434303863333034303937633663626237303430346339
34326530656237663934373962316530636533313964323463653732383431643538313636306434
35353737366535383834396532313864383234646137326134383935366338373338313262666563
35396332356463666164643834393137333637386663656135623037633163666364663763353331
35346131616534376332646335363233666138633465326564316635616436343439396339336535
31626639633761326361643134383532363261613030663761346334313734333739323862373534
65366438666339363165386661653264613834356363653735313738326538633062666564383362
30313834353639313732333738333130363832616139313831643537383939393331353239343965
65303662343062373161303561633562383563303739386530636239366635643732323433656231
38636364353965623634383334336662316232303034303136366564336461393032306461633632
66633065373665646138653430666162613363386362623633636262616339363330353236373064
31636531633164323532336131626237373864366437666466396339383763653138613934623232
65393537326461313637663061353331323137323734643933383933653230613766333231643830
63333335646132653364313666393934353931393832333838633635633237633835326633616335
33636231386633626131303333316637363732323562323132613832633639613564373664613665
35316636323036313637333530633538643364623066326239373265383633373262393234323364
33333462636561643762363662386439313930303265313662306130666539613334363635333131
31633438353638376562373966306536613561643165646433656630306431333534343137646238
63343563336438343930376263333537313730636230643635633563613164363830393135323863
61316265626266616637623932313466633639666166386634613565373565386432646465616162
62313663376430393863646331646165626561343034623863393534656566313063656436366664
64343634303738323739386339393666653531316365333336343263343564323432646263333162
38653463303634633132333235336530353366376233386438363563343762323630383133346336
64623766303132663135343465626162383965306664396362393261616262366165366630346364
39326564616539323533616531313139393732343230383362396530613364663831363531363139
66323366616539333466643564303866313665623761663439633839376331396537373762386135
33346233343161383638653039353062366232313132346165373763656437666131386137346637
32383134336666616535656163333532613461303531303037386634326565306239623238346530
35633038306136316134646462623339343333383230643663656231353266366537303733613232
36643764303633636334653363336163343136633034333933323039333161343631616333633363
66303538303730653133373435656165303363373863386632626439643461316238653266386164
61613537356364643534663864373533613638633631656534386664336235633234353432633863
63306537653530346464623866663162653736376437613131343733663033653431386636656465
38346530653132633133396362646261383166643532613130613065393234303436396136353932
66366261613365363061313963323434353366633232613266343436366436663566383630363033
35363265633430323037636537613230336166333237326666373464346138616539666363323664
64633038613164666236383535353663316164306566313631393766646532323438396136363639
64356564306637333763393130346633623666663362346130336666653232356238343466383130
31306365613964636361646239373336323531323934333865316161653065356266653465343462
36393732323432633662373962363634333963646631396364616632336662646665336534613564
61353631666232333834623666333530363931636630303430646637323834326130633061323439
61656362313761303962663361346338356631346532616465616561336361393834396634373535
37626637326137653861633638306665316632313961366666643966393236656237346633333231
66636333623531383031
